N <- 262
K <- 4
y <- c(153, 127, 7, 7, 0, 0, 73, 24, 2, 2, 0, 21, 0, 179, 136, 104, 2, 5, 1, 203, 32, 1, 135, 59, 29, 120, 44, 1, 2, 193, 13, 37, 2, 0, 3, 0, 0, 15, 11, 19, 0, 19, 4, 122, 48, 0, 0, 3, 0, 9, 0, 0, 0, 12, 0, 357, 11, 60, 0, 159, 50, 48, 178, 4, 6, 0, 33, 127, 4, 63, 88, 5, 0, 0, 62, 4, 150, 38, 0, 3, 1, 14, 77, 42, 21, 1, 45, 0, 0, 0, 0, 0, 183, 28, 49, 1, 0, 0, 3, 0, 0, 0, 0, 18, 0, 0, 5, 0, 19, 5, 0, 27, 0, 0, 77, 1, 3, 2, 0, 0, 22, 102, 0, 0, 0, 0, 0, 0, 0, 4, 12, 2, 0, 0, 1, 0, 40, 0, 1, 2, 27, 0, 2, 0, 0, 0, 0, 3, 1, 20, 0, 0, 0, 0, 0, 0, 0, 0, 0, 53, 69, 15, 0, 2, 4, 6, 8, 0, 0, 0, 18, 38, 0, 2, 18, 34, 1, 109, 5, 15, 0, 64, 0, 1, 0, 1, 3, 5, 7, 18, 1, 0, 0, 3, 3, 0, 19, 0, 8, 26, 50, 15, 0, 19, 5, 17, 121, 1, 0, 0, 0, 0, 4, 1, 14, 1, 25, 0, 14, 0, 59, 243, 80, 69, 14, 9, 38, 37, 48, 293, 7, 10, 19, 24, 91, 1, 0, 0, 0, 0, 148, 3, 26, 12, 77, 0, 7, 0, 1, 0, 17, 0, 7, 11, 6, 50, 1, 0, 0, 0, 171, 8)
roach1 <- c(3.08, 3.3125, 0.0167, 0.03, 0.02, 0.0, 0.7, 0.6456000000000001, 0.01, 0.14, 1.3825, 0.16, 0.97, 0.98, 0.44, 4.5, 0.3667, 0.75, 0.02, 3.425, 0.225, 0.04, 0.94, 1.3213, 0.8, 0.95, 0.34130000000000005, 0.19, 0.25, 0.575, 0.0311, 0.105, 0.47, 0.0263, 2.04, 0.0, 0.0, 2.4625, 0.7622, 0.15, 0.14880000000000002, 0.51, 0.15, 0.525, 0.1375, 0.011699999999999999, 0.01, 0.02, 0.0, 0.02, 0.02, 0.3, 0.07, 0.18, 0.02, 2.66, 1.74, 2.52, 0.0088, 3.725, 0.42, 0.19, 2.63, 0.34, 0.0175, 2.135, 0.1313, 1.54, 0.21, 2.2, 0.3832, 3.525, 0.07, 0.04, 0.595, 0.075, 1.1288, 1.72, 0.13, 0.18, 0.0, 0.27, 1.48, 0.32, 0.28, 0.0, 0.28, 0.0, 0.14, 0.05, 0.0, 1.04, 0.27, 1.32, 2.58, 0.01, 0.02, 0.06, 0.03, 0.03, 0.0, 0.0, 0.0, 0.0125, 0.0, 0.16, 0.68, 0.01, 0.18, 1.2367, 0.02, 0.825, 0.0, 0.0125, 1.71, 0.9188, 0.05, 0.07, 0.0, 0.04, 0.5375, 1.3806, 0.01, 0.0125, 0.28, 0.15, 0.0088, 0.0, 0.33, 1.3625, 1.275, 0.02, 0.02, 0.0, 0.03, 0.46, 0.68, 0.0, 0.49, 0.2713, 0.455, 0.0, 0.04, 0.0, 0.01, 0.0, 0.0, 0.105, 0.0, 0.03, 0.0, 0.0, 0.0, 0.0375, 0.0, 0.0, 0.0, 0.0088, 0.02, 0.81, 0.31, 0.1, 0.1023, 0.0, 0.13, 0.01, 0.3325, 0.0, 0.53, 0.05, 1.57, 0.23329999999999998, 0.06, 0.1, 1.0, 0.55, 0.0, 0.1625, 0.07780000000000001, 0.53, 0.02, 0.73, 0.0, 0.0, 0.0, 0.0318, 0.05, 0.03, 0.0, 0.1, 0.01, 0.0, 0.01, 0.12, 0.17, 0.16, 0.025, 0.0, 0.2188, 1.73, 1.11, 0.35, 0.0, 0.03, 0.021, 0.0, 0.49, 0.0125, 0.01, 0.01, 0.0, 0.0, 0.54, 0.042, 0.5125, 0.3, 1.96, 0.0, 0.02, 0.015, 0.9625, 2.415, 1.4, 0.18, 0.03, 0.0054, 0.82, 0.19, 0.1875, 0.51, 0.0, 0.01, 0.0, 0.054400000000000004, 0.0, 0.03, 0.0, 0.0, 0.0, 0.0, 0.2875, 0.0, 0.03, 0.02, 1.35, 0.0, 0.6825, 0.01, 0.0, 0.0, 0.0, 0.01, 0.01, 0.025, 0.5125, 0.1313, 0.0, 0.0, 0.0, 0.0, 0.0, 0.0)
exposure2 <- c(0.8, 0.6, 1.0, 1.0, 1.14285714285714, 1.0, 0.8, 1.14285714285714, 1.0, 1.14285714285714, 1.0, 1.0, 1.0, 0.8, 1.0, 0.8, 0.8, 1.0, 1.0, 1.0, 1.0, 1.0, 1.0, 0.857142857142857, 1.0, 1.0, 0.8, 1.0, 1.0, 1.0, 1.0, 1.0, 1.0, 1.0, 1.0, 1.0, 1.0, 0.8, 1.57142857142857, 1.42857142857143, 1.0, 1.0, 1.0, 0.8, 1.0, 1.0, 1.0, 1.0, 1.0, 1.0, 1.14285714285714, 1.14285714285714, 1.0, 1.0, 0.8, 1.0, 0.914285714285714, 1.0, 1.28571428571429, 1.0, 1.0, 0.771428571428571, 1.0, 1.42857142857143, 1.0, 0.771428571428571, 1.0, 1.0, 1.0, 1.0, 1.0, 0.6, 1.0, 1.0, 1.0, 1.0, 1.28571428571429, 1.0, 1.0, 1.0, 1.0, 1.0, 1.0, 1.14285714285714, 1.0, 1.0, 1.0, 0.8, 0.8, 1.0, 1.0, 0.685714285714286, 1.0, 1.0, 1.0, 1.0, 1.0, 1.0, 0.8, 0.857142857142857, 1.0, 1.0, 1.0, 1.0, 1.0, 1.0, 0.4, 0.8, 1.14285714285714, 1.0, 0.8, 1.0, 0.2, 1.0, 1.0, 1.0, 1.0, 1.0, 1.0, 1.0, 1.0, 1.14285714285714, 1.14285714285714, 1.0, 0.8, 1.0, 0.8, 1.0, 1.0, 4.28571428571429, 0.8, 0.8, 0.8, 1.0, 1.0, 1.28571428571429, 1.0, 1.0, 1.0, 1.0, 1.0, 0.457142857142857, 1.0, 2.42857142857143, 1.42857142857143, 1.0, 1.0, 1.14285714285714, 1.0, 1.14285714285714, 1.0, 1.0, 1.0, 0.8, 1.14285714285714, 1.0, 0.8, 1.57142857142857, 1.0, 1.14285714285714, 2.28571428571429, 1.0, 0.571428571428571, 0.8, 0.857142857142857, 0.8, 0.857142857142857, 2.28571428571429, 0.8, 1.0, 0.857142857142857, 1.0, 1.02857142857143, 0.6, 0.857142857142857, 1.0, 0.8, 1.0, 1.48571428571429, 1.0, 1.0, 1.0, 0.8, 0.8, 1.0, 1.0, 0.857142857142857, 0.8, 1.0, 0.8, 1.0, 1.0, 0.8, 1.0, 1.0, 1.0, 1.42857142857143, 1.71428571428571, 0.771428571428571, 0.8, 1.0, 1.85714285714286, 1.0, 1.0, 1.0, 1.0, 1.0, 1.0, 0.8, 1.0, 1.0, 2.28571428571429, 0.8, 1.42857142857143, 1.02857142857143, 1.71428571428571, 1.14285714285714, 1.14285714285714, 1.0, 1.0, 1.14285714285714, 0.8, 1.42857142857143, 0.914285714285714, 1.14285714285714, 1.28571428571429, 0.6, 1.0, 0.8, 1.14285714285714, 1.0, 1.42857142857143, 1.0, 1.0, 1.0, 1.0, 1.0, 1.0, 1.0, 1.0, 1.14285714285714, 0.857142857142857, 1.0, 1.0, 1.0, 1.0, 1.0, 1.0, 1.0, 0.6, 1.02857142857143, 1.0, 1.0, 0.685714285714286, 0.8, 1.0, 0.8, 1.48571428571429, 1.0, 1.0, 1.0, 1.0)
senior <- c(0, 0, 0, 0, 0, 0, 0, 0, 0, 0, 0, 0, 0, 0, 0, 0, 0, 0, 0, 0, 0, 0, 0, 0, 0, 0, 0, 0, 0, 0, 0, 0, 0, 0, 0, 0, 0, 0, 0, 0, 0, 0, 0, 0, 0, 0, 0, 0, 0, 0, 0, 0, 0, 0, 0, 0, 0, 0, 0, 0, 0, 0, 0, 0, 0, 0, 0, 0, 0, 0, 0, 0, 0, 0, 0, 0, 0, 0, 0, 0, 0, 0, 0, 0, 0, 0, 0, 1, 1, 1, 1, 1, 1, 1, 1, 1, 1, 1, 1, 1, 1, 1, 1, 1, 1, 1, 1, 1, 1, 1, 1, 1, 1, 1, 1, 1, 1, 1, 1, 1, 1, 1, 1, 1, 1, 1, 1, 1, 1, 1, 1, 1, 1, 1, 1, 1, 1, 1, 1, 1, 0, 0, 0, 0, 0, 0, 0, 0, 0, 0, 0, 0, 0, 0, 0, 0, 0, 0, 0, 0, 0, 0, 0, 0, 0, 0, 0, 0, 0, 0, 0, 0, 0, 0, 0, 0, 0, 0, 0, 0, 0, 0, 0, 0, 0, 0, 0, 0, 0, 0, 0, 0, 0, 0, 0, 0, 0, 0, 0, 0, 0, 0, 0, 0, 0, 0, 0, 0, 0, 0, 0, 0, 0, 0, 0, 0, 0, 0, 0, 0, 0, 0, 0, 0, 0, 0, 0, 0, 0, 0, 0, 0, 0, 0, 0, 1, 1, 1, 1, 1, 1, 1, 1, 1, 1, 1, 1, 1, 1, 1, 1, 1, 1, 1, 1, 1, 1, 1, 1, 1, 1, 1)
treatment <- c(1, 1, 1, 1, 1, 1, 1, 1, 0, 0, 0, 0, 0, 0, 0, 0, 0, 0, 0, 0, 0, 0, 0, 0, 0, 0, 0, 0, 0, 0, 0, 0, 0, 0, 0, 0, 0, 0, 0, 0, 0, 0, 0, 0, 0, 0, 0, 0, 0, 0, 0, 0, 0, 0, 0, 0, 1, 1, 1, 1, 1, 1, 1, 1, 1, 1, 1, 1, 1, 1, 1, 1, 1, 1, 1, 1, 1, 1, 1, 1, 1, 1, 1, 1, 1, 1, 1, 1, 1, 1, 1, 1, 1, 1, 1, 1, 1, 1, 1, 1, 1, 1, 1, 1, 1, 1, 1, 1, 1, 1, 1, 1, 1, 1, 1, 1, 1, 1, 1, 1, 1, 1, 1, 1, 1, 1, 1, 1, 1, 1, 1, 1, 1, 1, 1, 1, 1, 1, 1, 1, 1, 1, 1, 1, 1, 1, 1, 1, 1, 1, 1, 1, 1, 1, 1, 1, 0, 0, 1, 1, 1, 1, 1, 0, 1, 1, 1, 0, 0, 1, 1, 1, 1, 1, 1, 1, 1, 1, 1, 1, 1, 1, 1, 1, 1, 1, 0, 0, 0, 0, 0, 1, 1, 1, 1, 1, 1, 1, 1, 1, 1, 1, 1, 1, 1, 1, 1, 1, 1, 1, 1, 1, 1, 1, 1, 1, 0, 0, 0, 0, 0, 0, 0, 0, 0, 0, 0, 0, 0, 0, 0, 0, 0, 0, 0, 0, 0, 0, 0, 0, 0, 0, 0, 0, 0, 0, 0, 0, 0, 0, 0, 0, 0, 0, 0, 0, 0, 0, 0, 0, 0, 0)
